# environment.yml

name: bibtex_clean
channels:
  - conda-forge
  - defaults
dependencies:
  - asttokens=3.0.0=pyhd8ed1ab_1
  - blas=1.0=mkl
  - bzip2=1.0.8=h2bbff1b_6
  - ca-certificates=2024.12.31=haa95532_0
  - colorama=0.4.6=pyhd8ed1ab_1
  - comm=0.2.2=pyhd8ed1ab_1
  - cpython=3.10.16=py310hd8ed1ab_1
  - debugpy=1.8.12=py310h9e98ed7_0
  - decorator=5.1.1=pyhd8ed1ab_1
  - et_xmlfile=1.1.0=py310haa95532_0
  - exceptiongroup=1.2.2=pyhd8ed1ab_1
  - executing=2.1.0=pyhd8ed1ab_1
  - importlib-metadata=8.6.1=pyha770c72_0
  - intel-openmp=2023.1.0=h59b6b97_46320
  - ipykernel=6.29.5=pyh4bbf305_0
  - ipython=8.31.0=pyh7428d3b_0
  - jedi=0.19.2=pyhd8ed1ab_1
  - jupyter_client=8.6.3=pyhd8ed1ab_1
  - jupyter_core=5.7.2=pyh5737063_1
  - krb5=1.21.3=hdf4eb48_0
  - libffi=3.4.4=hd77b12b_1
  - libsodium=1.0.20=hc70643c_0
  - matplotlib-inline=0.1.7=pyhd8ed1ab_1
  - mkl=2023.1.0=h6b88ed4_46358
  - mkl-service=2.4.0=py310h827c3e9_2
  - mkl_fft=1.3.11=py310h827c3e9_0
  - mkl_random=1.2.8=py310hc64d2fc_0
  - nest-asyncio=1.6.0=pyhd8ed1ab_1
  - numpy=2.0.1=py310h055cbcc_1
  - numpy-base=2.0.1=py310h65a83cf_1
  - openpyxl=3.1.5=py310h8d17308_1
  - openssl=3.4.0=ha4e3fda_1
  - packaging=24.2=pyhd8ed1ab_2
  - pandas=2.2.3=py310hb4db72f_1
  - parso=0.8.4=pyhd8ed1ab_1
  - pickleshare=0.7.5=pyhd8ed1ab_1004
  - pip=24.2=py310haa95532_0
  - platformdirs=4.3.6=pyhd8ed1ab_1
  - prompt-toolkit=3.0.50=pyha770c72_0
  - psutil=6.1.1=py310ha8f682b_0
  - pure_eval=0.2.3=pyhd8ed1ab_1
  - pygments=2.19.1=pyhd8ed1ab_0
  - python=3.10.16=h4607a30_1
  - python-dateutil=2.9.0.post0=pyhff2d567_1
  - python-tzdata=2023.3=pyhd3eb1b0_0
  - python_abi=3.10=2_cp310
  - pytz=2024.1=py310haa95532_0
  - pywin32=307=py310h9e98ed7_3
  - pyzmq=26.2.0=py310h656833d_3
  - setuptools=75.1.0=py310haa95532_0
  - six=1.17.0=pyhd8ed1ab_0
  - sqlite=3.45.3=h2bbff1b_0
  - stack_data=0.6.3=pyhd8ed1ab_1
  - tbb=2021.8.0=h59b6b97_0
  - tk=8.6.14=h0416ee5_0
  - tornado=6.4.2=py310ha8f682b_0
  - traitlets=5.14.3=pyhd8ed1ab_1
  - typing_extensions=4.12.2=pyha770c72_1
  - tzdata=2025a=h04d1e81_0
  - ucrt=10.0.22621.0=h57928b3_1
  - vc=14.40=haa95532_2
  - vc14_runtime=14.42.34433=h6356254_24
  - vs2015_runtime=14.42.34433=hfef2bbc_24
  - wcwidth=0.2.13=pyhd8ed1ab_1
  - wheel=0.44.0=py310haa95532_0
  - xz=5.4.6=h8cc25b3_1
  - zeromq=4.3.5=ha9f60a1_7
  - zipp=3.21.0=pyhd8ed1ab_1
  - zlib=1.2.13=h8cc25b3_1
